9.992745837012600996e-01
9.984411584174176513e-01
9.970057175582730524e-01
9.947108280856250540e-01
9.912338296939107174e-01
9.861732978160329122e-01
9.790432403408295681e-01
9.692881073470022146e-01
9.563311869720944047e-01
9.396608634579832753e-01
9.189432674012060209e-01
8.941315643708596106e-01
8.655324216794914038e-01
8.337989145863289320e-01
7.998456559319667702e-01
7.647123932211988828e-01
7.294191068064966865e-01
6.948511677244099127e-01
6.616940949160622365e-01
6.304170154550550187e-01
6.012913260396103299e-01
5.744279205039201086e-01
5.498194024545991487e-01
5.273788508456999091e-01
5.069713016597813260e-01
4.884371838915112507e-01
4.716085681833268595e-01
4.563196928794792107e-01
4.424132685476920290e-01
4.297438438244872705e-01
4.181792260125535288e-01
4.076006779391616042e-01
3.979023909158455607e-01
3.889905668199035160e-01
3.807823231757122562e-01
3.732045531968065655e-01
3.661928181269328286e-01
3.596903138083023532e-01
3.536469310665439347e-01
3.480184159037222336e-01
3.427656275535427843e-01
