-1.997158440257887690e+00
-1.993960914695226405e+00
-1.988566316590559158e+00
-1.980169648050905229e+00
-1.967863547966948845e+00
-1.950642561459746016e+00
-1.927424404699925153e+00
-1.897112148676468379e+00
-1.858716667373317977e+00
-1.811539071124806277e+00
-1.755380288776817954e+00
-1.690713110358684768e+00
-1.618742821432007206e+00
-1.541311492453451226e+00
-1.460659770545027047e+00
-1.379116482260211995e+00
-1.298807589475815538e+00
-1.221454236412410577e+00
-1.148284694165712772e+00
-1.080044602076671412e+00
-1.017069626955674266e+00
-9.593839903583197826e-01
-9.067983803787412755e-01
-8.589929128019719862e-01
-8.155802995947356582e-01
-7.761500504349737595e-01
-7.402970673437996307e-01
-7.076385678369310206e-01
-6.778228741316313366e-01
-6.505328648280513937e-01
-6.254861297089517880e-01
-6.024332333695259223e-01
-5.811550113717919297e-01
-5.614594793132456907e-01
-5.431787017842243381e-01
-5.261658152714002723e-01
-5.102923022647191109e-01
-4.954455547065998444e-01
-4.815267303931695664e-01
-4.684488870511060443e-01
-4.561353695430821475e-01
