-1.988350000000000062e+00
-1.991125000000000034e+00
-1.983849999999999891e+00
-1.969225000000000003e+00
-1.972599999999999909e+00
-1.940399999999999903e+00
-1.924725000000000019e+00
-1.878374999999999906e+00
-1.786550000000000082e+00
-1.844049999999999967e+00
-1.793150000000000022e+00
-1.717875000000000041e+00
-1.558400000000000007e+00
-1.525549999999999962e+00
-1.409024999999999972e+00
-1.417124999999999968e+00
-1.244499999999999940e+00
-1.171149999999999913e+00
-1.145199999999999996e+00
-1.072575000000000056e+00
-1.097275000000000000e+00
-1.021549999999999958e+00
-9.688999999999999835e-01
-8.180250000000000021e-01
-9.143250000000000544e-01
-7.478000000000000203e-01
-6.835750000000000437e-01
-6.872749999999999693e-01
-6.823249999999999593e-01
-6.315749999999999975e-01
-6.111250000000000293e-01
-5.708499999999999686e-01
-5.935249999999999693e-01
-5.771500000000000519e-01
-4.925999999999999823e-01
-5.235999999999999543e-01
-4.811750000000000194e-01
-4.751750000000000140e-01
-4.553249999999999797e-01
-4.798749999999999960e-01
-4.299749999999999961e-01
