9.966125000000000123e-01
9.972374999999999989e-01
9.948875000000000357e-01
9.908500000000000085e-01
9.922499999999999654e-01
9.826375000000000526e-01
9.769624999999999559e-01
9.634749999999999703e-01
9.185999999999999721e-01
9.491000000000000547e-01
9.383624999999999883e-01
9.040249999999999675e-01
8.386875000000000302e-01
8.301125000000000309e-01
7.869749999999999801e-01
7.872999999999999998e-01
7.025875000000000314e-01
6.609000000000000430e-01
6.547500000000000542e-01
6.248749999999999583e-01
6.418000000000000371e-01
6.010375000000000023e-01
5.797250000000000458e-01
5.051624999999999588e-01
5.647124999999999506e-01
4.679499999999999771e-01
4.393624999999999892e-01
4.395249999999999990e-01
4.474250000000000171e-01
4.265625000000000111e-01
4.082749999999999990e-01
3.926000000000000045e-01
4.153875000000000206e-01
4.066250000000000142e-01
3.523749999999999938e-01
3.640375000000000139e-01
3.411250000000000115e-01
3.492374999999999785e-01
3.371874999999999734e-01
3.635499999999999843e-01
3.309750000000000192e-01
